(kicad_pcb (version 20171130) (host pcbnew "(5.1.5)-3")

  (general
    (thickness 1.6)
    (drawings 5)
    (tracks 176)
    (zones 0)
    (modules 20)
    (nets 8)
  )

  (page A4)
  (layers
    (0 Top signal)
    (31 Bottom signal)
    (32 B.Adhes user)
    (33 F.Adhes user)
    (34 B.Paste user)
    (35 F.Paste user)
    (36 B.SilkS user)
    (37 F.SilkS user)
    (38 B.Mask user)
    (39 F.Mask user)
    (40 Dwgs.User user)
    (41 Cmts.User user)
    (42 Eco1.User user)
    (43 Eco2.User user)
    (44 Edge.Cuts user)
    (45 Margin user)
    (46 B.CrtYd user)
    (47 F.CrtYd user)
    (48 B.Fab user)
    (49 F.Fab user)
  )

  (setup
    (last_trace_width 2)
    (user_trace_width 1)
    (user_trace_width 1.5)
    (user_trace_width 2)
    (user_trace_width 2.9)
    (trace_clearance 0.2)
    (zone_clearance 0.508)
    (zone_45_only no)
    (trace_min 0.2)
    (via_size 0.8)
    (via_drill 0.4)
    (via_min_size 0.4)
    (via_min_drill 0.3)
    (uvia_size 0.3)
    (uvia_drill 0.1)
    (uvias_allowed no)
    (uvia_min_size 0.2)
    (uvia_min_drill 0.1)
    (edge_width 0.05)
    (segment_width 0.2)
    (pcb_text_width 0.3)
    (pcb_text_size 1.5 1.5)
    (mod_edge_width 0.12)
    (mod_text_size 1 1)
    (mod_text_width 0.15)
    (pad_size 1.524 1.524)
    (pad_drill 0.762)
    (pad_to_mask_clearance 0.051)
    (solder_mask_min_width 0.25)
    (aux_axis_origin 0 0)
    (visible_elements 7FFFFFFF)
    (pcbplotparams
      (layerselection 0x010fc_ffffffff)
      (usegerberextensions false)
      (usegerberattributes false)
      (usegerberadvancedattributes false)
      (creategerberjobfile false)
      (excludeedgelayer true)
      (linewidth 0.100000)
      (plotframeref false)
      (viasonmask false)
      (mode 1)
      (useauxorigin false)
      (hpglpennumber 1)
      (hpglpenspeed 20)
      (hpglpendiameter 15.000000)
      (psnegative false)
      (psa4output false)
      (plotreference true)
      (plotvalue true)
      (plotinvisibletext false)
      (padsonsilk false)
      (subtractmaskfromsilk false)
      (outputformat 1)
      (mirror false)
      (drillshape 1)
      (scaleselection 1)
      (outputdirectory ""))
  )

  (net 0 "")
  (net 1 GND)
  (net 2 "Net-(C5-Pad1)")
  (net 3 "Net-(C6-Pad1)")
  (net 4 "Net-(J1-Pad1)")
  (net 5 "Net-(J2-Pad1)")
  (net 6 "Net-(C1-Pad1)")
  (net 7 "Net-(C2-Pad1)")

  (net_class Default "Ceci est la Netclass par défaut."
    (clearance 0.2)
    (trace_width 0.25)
    (via_dia 0.8)
    (via_drill 0.4)
    (uvia_dia 0.3)
    (uvia_drill 0.1)
    (add_net GND)
    (add_net "Net-(C1-Pad1)")
    (add_net "Net-(C2-Pad1)")
    (add_net "Net-(C5-Pad1)")
    (add_net "Net-(C6-Pad1)")
    (add_net "Net-(J1-Pad1)")
    (add_net "Net-(J2-Pad1)")
  )

  (module Lib:XEL3520131MEB (layer Top) (tedit 0) (tstamp 5F60AF68)
    (at 117 111.5 270)
    (descr XEL3520-131MEB-2)
    (tags Inductor)
    (path /5F60B631)
    (attr smd)
    (fp_text reference L1 (at 0 0 90) (layer F.SilkS)
      (effects (font (size 1.27 1.27) (thickness 0.254)))
    )
    (fp_text value 130nH (at 0 0 90) (layer F.SilkS) hide
      (effects (font (size 1.27 1.27) (thickness 0.254)))
    )
    (fp_text user %R (at 0 0 90) (layer F.Fab)
      (effects (font (size 1.27 1.27) (thickness 0.254)))
    )
    (fp_line (start -1.6 -1.75) (end 1.6 -1.75) (layer F.Fab) (width 0.2))
    (fp_line (start 1.6 -1.75) (end 1.6 1.75) (layer F.Fab) (width 0.2))
    (fp_line (start 1.6 1.75) (end -1.6 1.75) (layer F.Fab) (width 0.2))
    (fp_line (start -1.6 1.75) (end -1.6 -1.75) (layer F.Fab) (width 0.2))
    (fp_line (start -2.6 -2.75) (end 2.6 -2.75) (layer F.CrtYd) (width 0.1))
    (fp_line (start 2.6 -2.75) (end 2.6 2.75) (layer F.CrtYd) (width 0.1))
    (fp_line (start 2.6 2.75) (end -2.6 2.75) (layer F.CrtYd) (width 0.1))
    (fp_line (start -2.6 2.75) (end -2.6 -2.75) (layer F.CrtYd) (width 0.1))
    (fp_line (start -0.2 -1.75) (end 0.2 -1.75) (layer F.SilkS) (width 0.1))
    (fp_line (start -0.2 1.75) (end 0.2 1.75) (layer F.SilkS) (width 0.1))
    (pad 1 smd rect (at -0.9 0 270) (size 0.81 3.2) (layers Top F.Paste F.Mask)
      (net 6 "Net-(C1-Pad1)"))
    (pad 2 smd rect (at 0.9 0 270) (size 0.81 3.2) (layers Top F.Paste F.Mask)
      (net 2 "Net-(C5-Pad1)"))
    (model ${KIPRJMOD}/Lib/XEL3520-131MEB.stp
      (at (xyz 0 0 0))
      (scale (xyz 1 1 1))
      (rotate (xyz 0 0 0))
    )
  )

  (module main_new:SMD2,54-5,08 (layer Top) (tedit 0) (tstamp 5F566A24)
    (at 106.4911 102.4036)
    (descr "<b>SMD PAD</b>")
    (path /BDB91568)
    (fp_text reference PAD1 (at -1.5 2.5 90) (layer F.SilkS) hide
      (effects (font (size 1.2065 1.2065) (thickness 0.1016)) (justify left bottom))
    )
    (fp_text value SMD5 (at 0 0) (layer F.Fab)
      (effects (font (size 0.02413 0.02413) (thickness 0.002032)) (justify left bottom))
    )
    (pad 1 smd rect (at 0 0) (size 2.54 5.08) (layers Top F.Paste F.Mask)
      (net 4 "Net-(J1-Pad1)") (solder_mask_margin 0.1016))
  )

  (module main_new:SMD2,54-5,08 (layer Top) (tedit 0) (tstamp 5F566A28)
    (at 111.5911 102.4036)
    (descr "<b>SMD PAD</b>")
    (path /3C2A47BC)
    (fp_text reference PAD2 (at -1.5 2.5 90) (layer F.SilkS) hide
      (effects (font (size 1.2065 1.2065) (thickness 0.1016)) (justify left bottom))
    )
    (fp_text value SMD5 (at 0 0) (layer F.Fab)
      (effects (font (size 0.02413 0.02413) (thickness 0.002032)) (justify left bottom))
    )
    (pad 1 smd rect (at 0 0) (size 2.54 5.08) (layers Top F.Paste F.Mask)
      (net 6 "Net-(C1-Pad1)") (solder_mask_margin 0.1016))
  )

  (module main_new:SMD2,54-5,08 (layer Top) (tedit 0) (tstamp 5F566A2C)
    (at 136.9911 102.4036)
    (descr "<b>SMD PAD</b>")
    (path /9A22E34B)
    (fp_text reference PAD3 (at -1.5 2.5 90) (layer F.SilkS)
      (effects (font (size 1.2065 1.2065) (thickness 0.1016)) (justify left bottom))
    )
    (fp_text value SMD5 (at 0 0) (layer F.Fab)
      (effects (font (size 0.02413 0.02413) (thickness 0.002032)) (justify left bottom))
    )
    (pad 1 smd rect (at 0 0) (size 2.54 5.08) (layers Top F.Paste F.Mask)
      (net 7 "Net-(C2-Pad1)") (solder_mask_margin 0.1016))
  )

  (module main_new:SMD2,54-5,08 (layer Top) (tedit 0) (tstamp 5F568CB7)
    (at 149.5 102.5)
    (descr "<b>SMD PAD</b>")
    (path /5F57BA6F)
    (fp_text reference PAD4 (at -1.5 2.5 90) (layer F.SilkS) hide
      (effects (font (size 1.2065 1.2065) (thickness 0.1016)) (justify left bottom))
    )
    (fp_text value SMD5 (at 0 0) (layer F.Fab)
      (effects (font (size 0.02413 0.02413) (thickness 0.002032)) (justify left bottom))
    )
    (pad 1 smd rect (at 0 0) (size 2.54 5.08) (layers Top F.Paste F.Mask)
      (net 5 "Net-(J2-Pad1)") (solder_mask_margin 0.1016))
  )

  (module SMA_PINS:SMA_EDGE_NRW (layer Top) (tedit 59AC0E7F) (tstamp 5F568FEC)
    (at 106.5 138.5 270)
    (path /5F574163)
    (fp_text reference J1 (at 0.5 6.5 90) (layer F.SilkS)
      (effects (font (size 1 1) (thickness 0.15)))
    )
    (fp_text value Conn_Coaxial (at 1 -6.5 90) (layer F.Fab) hide
      (effects (font (size 1 1) (thickness 0.15)))
    )
    (fp_line (start 6.5 -2.5) (end 6 2.5) (layer Dwgs.User) (width 0.15))
    (fp_line (start 7.5 -2.5) (end 7 2.5) (layer Dwgs.User) (width 0.15))
    (fp_line (start 8.5 -2.5) (end 8 2.5) (layer Dwgs.User) (width 0.15))
    (fp_line (start 9.5 -2.5) (end 9 2.5) (layer Dwgs.User) (width 0.15))
    (fp_line (start 10.5 -2.5) (end 10 2.5) (layer Dwgs.User) (width 0.15))
    (fp_line (start 6 2.5) (end 10.5 2.5) (layer Dwgs.User) (width 0.15))
    (fp_line (start 6 -2.5) (end 10.5 -2.5) (layer Dwgs.User) (width 0.15))
    (fp_line (start 6 3) (end 10.5 3) (layer Dwgs.User) (width 0.15))
    (fp_line (start 6 3) (end 6 2.5) (layer Dwgs.User) (width 0.15))
    (fp_line (start 7 2.5) (end 4 2.5) (layer Dwgs.User) (width 0.15))
    (fp_line (start 10.5 -3) (end 6 -3) (layer Dwgs.User) (width 0.15))
    (fp_line (start 7 -2.5) (end 4 -2.5) (layer Dwgs.User) (width 0.15))
    (fp_line (start 6 -3) (end 6 -2.5) (layer Dwgs.User) (width 0.15))
    (fp_line (start 11 -2.5) (end 11 2.5) (layer Dwgs.User) (width 0.15))
    (fp_line (start 11 2.5) (end 10.5 2.5) (layer Dwgs.User) (width 0.15))
    (fp_line (start 10.5 2.5) (end 10.5 3) (layer Dwgs.User) (width 0.15))
    (fp_line (start 11 -2.5) (end 10.5 -2.5) (layer Dwgs.User) (width 0.15))
    (fp_line (start 10.5 -2.5) (end 10.5 -3) (layer Dwgs.User) (width 0.15))
    (fp_line (start 3 -0.5) (end -1 -0.5) (layer Dwgs.User) (width 0.15))
    (fp_line (start -1 -0.5) (end -1 0.5) (layer Dwgs.User) (width 0.15))
    (fp_line (start -1 0.5) (end 3 0.5) (layer Dwgs.User) (width 0.15))
    (fp_line (start -1 -3) (end -1 -2) (layer Dwgs.User) (width 0.15))
    (fp_line (start -1 -2) (end 3 -2) (layer Dwgs.User) (width 0.15))
    (fp_line (start 3 -2) (end 3 2) (layer Dwgs.User) (width 0.15))
    (fp_line (start 3 2) (end -1 2) (layer Dwgs.User) (width 0.15))
    (fp_line (start -1 2) (end -1 3) (layer Dwgs.User) (width 0.15))
    (fp_line (start -1 3) (end 4 3) (layer Dwgs.User) (width 0.15))
    (fp_line (start 4 3) (end 4 -3) (layer Dwgs.User) (width 0.15))
    (fp_line (start -1 -3) (end 4 -3) (layer Dwgs.User) (width 0.15))
    (pad 1 smd rect (at 0 0 270) (size 4 1.4) (layers Top F.Paste F.Mask)
      (net 4 "Net-(J1-Pad1)"))
    (pad 2 smd rect (at 0 -2.54 270) (size 4 1.5) (layers Top F.Paste F.Mask)
      (net 1 GND))
    (pad 2 smd rect (at 0 2.54 270) (size 4 1.5) (layers Top F.Paste F.Mask)
      (net 1 GND))
    (pad 2 smd rect (at 0 -2.54 270) (size 4 1.5) (layers Bottom B.Paste B.Mask)
      (net 1 GND))
    (pad 2 smd rect (at 0 2.54 270) (size 4 1.5) (layers Bottom B.Paste B.Mask)
      (net 1 GND))
    (model ${KIPRJMOD}/Lib/SMA_PINS.pretty/packages3d/SMA_Edge.wrl
      (offset (xyz -5.5 -6.3 -2.7))
      (scale (xyz 0.4 0.4 0.4))
      (rotate (xyz 90 180 90))
    )
  )

  (module SMA_PINS:SMA_EDGE_NRW (layer Top) (tedit 59AC0E7F) (tstamp 5F569012)
    (at 149.5 138.5 270)
    (path /5F57BA79)
    (fp_text reference J2 (at 0.5 4.5 270) (layer F.SilkS)
      (effects (font (size 1 1) (thickness 0.15)))
    )
    (fp_text value Conn_Coaxial (at 1 -6.5 90) (layer F.Fab) hide
      (effects (font (size 1 1) (thickness 0.15)))
    )
    (fp_line (start -1 -3) (end 4 -3) (layer Dwgs.User) (width 0.15))
    (fp_line (start 4 3) (end 4 -3) (layer Dwgs.User) (width 0.15))
    (fp_line (start -1 3) (end 4 3) (layer Dwgs.User) (width 0.15))
    (fp_line (start -1 2) (end -1 3) (layer Dwgs.User) (width 0.15))
    (fp_line (start 3 2) (end -1 2) (layer Dwgs.User) (width 0.15))
    (fp_line (start 3 -2) (end 3 2) (layer Dwgs.User) (width 0.15))
    (fp_line (start -1 -2) (end 3 -2) (layer Dwgs.User) (width 0.15))
    (fp_line (start -1 -3) (end -1 -2) (layer Dwgs.User) (width 0.15))
    (fp_line (start -1 0.5) (end 3 0.5) (layer Dwgs.User) (width 0.15))
    (fp_line (start -1 -0.5) (end -1 0.5) (layer Dwgs.User) (width 0.15))
    (fp_line (start 3 -0.5) (end -1 -0.5) (layer Dwgs.User) (width 0.15))
    (fp_line (start 10.5 -2.5) (end 10.5 -3) (layer Dwgs.User) (width 0.15))
    (fp_line (start 11 -2.5) (end 10.5 -2.5) (layer Dwgs.User) (width 0.15))
    (fp_line (start 10.5 2.5) (end 10.5 3) (layer Dwgs.User) (width 0.15))
    (fp_line (start 11 2.5) (end 10.5 2.5) (layer Dwgs.User) (width 0.15))
    (fp_line (start 11 -2.5) (end 11 2.5) (layer Dwgs.User) (width 0.15))
    (fp_line (start 6 -3) (end 6 -2.5) (layer Dwgs.User) (width 0.15))
    (fp_line (start 7 -2.5) (end 4 -2.5) (layer Dwgs.User) (width 0.15))
    (fp_line (start 10.5 -3) (end 6 -3) (layer Dwgs.User) (width 0.15))
    (fp_line (start 7 2.5) (end 4 2.5) (layer Dwgs.User) (width 0.15))
    (fp_line (start 6 3) (end 6 2.5) (layer Dwgs.User) (width 0.15))
    (fp_line (start 6 3) (end 10.5 3) (layer Dwgs.User) (width 0.15))
    (fp_line (start 6 -2.5) (end 10.5 -2.5) (layer Dwgs.User) (width 0.15))
    (fp_line (start 6 2.5) (end 10.5 2.5) (layer Dwgs.User) (width 0.15))
    (fp_line (start 10.5 -2.5) (end 10 2.5) (layer Dwgs.User) (width 0.15))
    (fp_line (start 9.5 -2.5) (end 9 2.5) (layer Dwgs.User) (width 0.15))
    (fp_line (start 8.5 -2.5) (end 8 2.5) (layer Dwgs.User) (width 0.15))
    (fp_line (start 7.5 -2.5) (end 7 2.5) (layer Dwgs.User) (width 0.15))
    (fp_line (start 6.5 -2.5) (end 6 2.5) (layer Dwgs.User) (width 0.15))
    (pad 2 smd rect (at 0 2.54 270) (size 4 1.5) (layers Bottom B.Paste B.Mask)
      (net 1 GND))
    (pad 2 smd rect (at 0 -2.54 270) (size 4 1.5) (layers Bottom B.Paste B.Mask)
      (net 1 GND))
    (pad 2 smd rect (at 0 2.54 270) (size 4 1.5) (layers Top F.Paste F.Mask)
      (net 1 GND))
    (pad 2 smd rect (at 0 -2.54 270) (size 4 1.5) (layers Top F.Paste F.Mask)
      (net 1 GND))
    (pad 1 smd rect (at 0 0 270) (size 4 1.4) (layers Top F.Paste F.Mask)
      (net 5 "Net-(J2-Pad1)"))
    (model ${KIPRJMOD}/Lib/SMA_PINS.pretty/packages3d/SMA_Edge.wrl
      (offset (xyz -5 -6 -2.7))
      (scale (xyz 0.4 0.4 0.4))
      (rotate (xyz 90 180 90))
    )
  )

  (module MountingHole:MountingHole_3.2mm_M3_ISO7380_Pad (layer Top) (tedit 56D1B4CB) (tstamp 5F569983)
    (at 161 104)
    (descr "Mounting Hole 3.2mm, M3, ISO7380")
    (tags "mounting hole 3.2mm m3 iso7380")
    (path /5F56C423)
    (attr virtual)
    (fp_text reference H1 (at 0 -3.85) (layer F.SilkS) hide
      (effects (font (size 1 1) (thickness 0.15)))
    )
    (fp_text value MountingHole_Pad (at 0 3.85) (layer F.Fab)
      (effects (font (size 1 1) (thickness 0.15)))
    )
    (fp_circle (center 0 0) (end 3.1 0) (layer F.CrtYd) (width 0.05))
    (fp_circle (center 0 0) (end 2.85 0) (layer Cmts.User) (width 0.15))
    (fp_text user %R (at 0.3 0) (layer F.Fab)
      (effects (font (size 1 1) (thickness 0.15)))
    )
    (pad 1 thru_hole circle (at 0 0) (size 5.7 5.7) (drill 3.2) (layers *.Cu *.Mask)
      (net 1 GND))
  )

  (module MountingHole:MountingHole_3.2mm_M3_ISO7380_Pad (layer Top) (tedit 56D1B4CB) (tstamp 5F56998A)
    (at 161 135)
    (descr "Mounting Hole 3.2mm, M3, ISO7380")
    (tags "mounting hole 3.2mm m3 iso7380")
    (path /5F56D0E3)
    (attr virtual)
    (fp_text reference H2 (at 0 -3.85) (layer F.SilkS) hide
      (effects (font (size 1 1) (thickness 0.15)))
    )
    (fp_text value MountingHole_Pad (at 0 3.85) (layer F.Fab)
      (effects (font (size 1 1) (thickness 0.15)))
    )
    (fp_text user %R (at 0.3 0) (layer F.Fab)
      (effects (font (size 1 1) (thickness 0.15)))
    )
    (fp_circle (center 0 0) (end 2.85 0) (layer Cmts.User) (width 0.15))
    (fp_circle (center 0 0) (end 3.1 0) (layer F.CrtYd) (width 0.05))
    (pad 1 thru_hole circle (at 0 0) (size 5.7 5.7) (drill 3.2) (layers *.Cu *.Mask)
      (net 1 GND))
  )

  (module MountingHole:MountingHole_3.2mm_M3_ISO7380_Pad (layer Top) (tedit 56D1B4CB) (tstamp 5F569991)
    (at 96 135)
    (descr "Mounting Hole 3.2mm, M3, ISO7380")
    (tags "mounting hole 3.2mm m3 iso7380")
    (path /5F56DE8C)
    (attr virtual)
    (fp_text reference H3 (at 0 -3.85) (layer F.SilkS) hide
      (effects (font (size 1 1) (thickness 0.15)))
    )
    (fp_text value MountingHole_Pad (at 0 3.85) (layer F.Fab)
      (effects (font (size 1 1) (thickness 0.15)))
    )
    (fp_circle (center 0 0) (end 3.1 0) (layer F.CrtYd) (width 0.05))
    (fp_circle (center 0 0) (end 2.85 0) (layer Cmts.User) (width 0.15))
    (fp_text user %R (at 0.3 0) (layer F.Fab)
      (effects (font (size 1 1) (thickness 0.15)))
    )
    (pad 1 thru_hole circle (at 0 0) (size 5.7 5.7) (drill 3.2) (layers *.Cu *.Mask)
      (net 1 GND))
  )

  (module MountingHole:MountingHole_3.2mm_M3_ISO7380_Pad (layer Top) (tedit 56D1B4CB) (tstamp 5F569998)
    (at 96 104)
    (descr "Mounting Hole 3.2mm, M3, ISO7380")
    (tags "mounting hole 3.2mm m3 iso7380")
    (path /5F56A446)
    (attr virtual)
    (fp_text reference H4 (at 0 -3.85) (layer F.SilkS) hide
      (effects (font (size 1 1) (thickness 0.15)))
    )
    (fp_text value MountingHole_Pad (at 0 3.85) (layer F.Fab)
      (effects (font (size 1 1) (thickness 0.15)))
    )
    (fp_text user %R (at 0.3 0) (layer F.Fab)
      (effects (font (size 1 1) (thickness 0.15)))
    )
    (fp_circle (center 0 0) (end 2.85 0) (layer Cmts.User) (width 0.15))
    (fp_circle (center 0 0) (end 3.1 0) (layer F.CrtYd) (width 0.05))
    (pad 1 thru_hole circle (at 0 0) (size 5.7 5.7) (drill 3.2) (layers *.Cu *.Mask)
      (net 1 GND))
  )

  (module Lib:XEL3520131MEB (layer Top) (tedit 0) (tstamp 5F60AF79)
    (at 133 111.5 270)
    (descr XEL3520-131MEB-2)
    (tags Inductor)
    (path /5F60CB9F)
    (attr smd)
    (fp_text reference L2 (at 0 0 90) (layer F.SilkS)
      (effects (font (size 1.27 1.27) (thickness 0.254)))
    )
    (fp_text value 130nH (at 0 0 90) (layer F.SilkS) hide
      (effects (font (size 1.27 1.27) (thickness 0.254)))
    )
    (fp_line (start -0.2 1.75) (end 0.2 1.75) (layer F.SilkS) (width 0.1))
    (fp_line (start -0.2 -1.75) (end 0.2 -1.75) (layer F.SilkS) (width 0.1))
    (fp_line (start -2.6 2.75) (end -2.6 -2.75) (layer F.CrtYd) (width 0.1))
    (fp_line (start 2.6 2.75) (end -2.6 2.75) (layer F.CrtYd) (width 0.1))
    (fp_line (start 2.6 -2.75) (end 2.6 2.75) (layer F.CrtYd) (width 0.1))
    (fp_line (start -2.6 -2.75) (end 2.6 -2.75) (layer F.CrtYd) (width 0.1))
    (fp_line (start -1.6 1.75) (end -1.6 -1.75) (layer F.Fab) (width 0.2))
    (fp_line (start 1.6 1.75) (end -1.6 1.75) (layer F.Fab) (width 0.2))
    (fp_line (start 1.6 -1.75) (end 1.6 1.75) (layer F.Fab) (width 0.2))
    (fp_line (start -1.6 -1.75) (end 1.6 -1.75) (layer F.Fab) (width 0.2))
    (fp_text user %R (at 0 0 90) (layer F.Fab)
      (effects (font (size 1.27 1.27) (thickness 0.254)))
    )
    (pad 2 smd rect (at 0.9 0 270) (size 0.81 3.2) (layers Top F.Paste F.Mask)
      (net 3 "Net-(C6-Pad1)"))
    (pad 1 smd rect (at -0.9 0 270) (size 0.81 3.2) (layers Top F.Paste F.Mask)
      (net 7 "Net-(C2-Pad1)"))
    (model ${KIPRJMOD}/Lib/XEL3520-131MEB.stp
      (at (xyz 0 0 0))
      (scale (xyz 1 1 1))
      (rotate (xyz 0 0 0))
    )
  )

  (module Capacitor_SMD:C_0805_2012Metric_Pad1.15x1.40mm_HandSolder (layer Top) (tedit 5B36C52B) (tstamp 5F60B0F7)
    (at 114.5 101)
    (descr "Capacitor SMD 0805 (2012 Metric), square (rectangular) end terminal, IPC_7351 nominal with elongated pad for handsoldering. (Body size source: https://docs.google.com/spreadsheets/d/1BsfQQcO9C6DZCsRaXUlFlo91Tg2WpOkGARC1WS5S8t0/edit?usp=sharing), generated with kicad-footprint-generator")
    (tags "capacitor handsolder")
    (path /30898867)
    (attr smd)
    (fp_text reference C3 (at 0 -1.65) (layer F.SilkS)
      (effects (font (size 1 1) (thickness 0.15)))
    )
    (fp_text value 15n (at 0 1.65) (layer F.Fab)
      (effects (font (size 1 1) (thickness 0.15)))
    )
    (fp_text user %R (at 0 0) (layer F.Fab)
      (effects (font (size 0.5 0.5) (thickness 0.08)))
    )
    (fp_line (start 1.85 0.95) (end -1.85 0.95) (layer F.CrtYd) (width 0.05))
    (fp_line (start 1.85 -0.95) (end 1.85 0.95) (layer F.CrtYd) (width 0.05))
    (fp_line (start -1.85 -0.95) (end 1.85 -0.95) (layer F.CrtYd) (width 0.05))
    (fp_line (start -1.85 0.95) (end -1.85 -0.95) (layer F.CrtYd) (width 0.05))
    (fp_line (start -0.261252 0.71) (end 0.261252 0.71) (layer F.SilkS) (width 0.12))
    (fp_line (start -0.261252 -0.71) (end 0.261252 -0.71) (layer F.SilkS) (width 0.12))
    (fp_line (start 1 0.6) (end -1 0.6) (layer F.Fab) (width 0.1))
    (fp_line (start 1 -0.6) (end 1 0.6) (layer F.Fab) (width 0.1))
    (fp_line (start -1 -0.6) (end 1 -0.6) (layer F.Fab) (width 0.1))
    (fp_line (start -1 0.6) (end -1 -0.6) (layer F.Fab) (width 0.1))
    (pad 2 smd roundrect (at 1.025 0) (size 1.15 1.4) (layers Top F.Paste F.Mask) (roundrect_rratio 0.217391)
      (net 1 GND))
    (pad 1 smd roundrect (at -1.025 0) (size 1.15 1.4) (layers Top F.Paste F.Mask) (roundrect_rratio 0.217391)
      (net 6 "Net-(C1-Pad1)"))
    (model ${KISYS3DMOD}/Capacitor_SMD.3dshapes/C_0805_2012Metric.wrl
      (at (xyz 0 0 0))
      (scale (xyz 1 1 1))
      (rotate (xyz 0 0 0))
    )
  )

  (module Capacitor_SMD:C_0805_2012Metric_Pad1.15x1.40mm_HandSolder (layer Top) (tedit 5B36C52B) (tstamp 5F60B107)
    (at 134.5 101.5)
    (descr "Capacitor SMD 0805 (2012 Metric), square (rectangular) end terminal, IPC_7351 nominal with elongated pad for handsoldering. (Body size source: https://docs.google.com/spreadsheets/d/1BsfQQcO9C6DZCsRaXUlFlo91Tg2WpOkGARC1WS5S8t0/edit?usp=sharing), generated with kicad-footprint-generator")
    (tags "capacitor handsolder")
    (path /BB1807DC)
    (attr smd)
    (fp_text reference C4 (at 0 -1.65) (layer F.SilkS)
      (effects (font (size 1 1) (thickness 0.15)))
    )
    (fp_text value 15n (at 0 1.65) (layer F.Fab)
      (effects (font (size 1 1) (thickness 0.15)))
    )
    (fp_line (start -1 0.6) (end -1 -0.6) (layer F.Fab) (width 0.1))
    (fp_line (start -1 -0.6) (end 1 -0.6) (layer F.Fab) (width 0.1))
    (fp_line (start 1 -0.6) (end 1 0.6) (layer F.Fab) (width 0.1))
    (fp_line (start 1 0.6) (end -1 0.6) (layer F.Fab) (width 0.1))
    (fp_line (start -0.261252 -0.71) (end 0.261252 -0.71) (layer F.SilkS) (width 0.12))
    (fp_line (start -0.261252 0.71) (end 0.261252 0.71) (layer F.SilkS) (width 0.12))
    (fp_line (start -1.85 0.95) (end -1.85 -0.95) (layer F.CrtYd) (width 0.05))
    (fp_line (start -1.85 -0.95) (end 1.85 -0.95) (layer F.CrtYd) (width 0.05))
    (fp_line (start 1.85 -0.95) (end 1.85 0.95) (layer F.CrtYd) (width 0.05))
    (fp_line (start 1.85 0.95) (end -1.85 0.95) (layer F.CrtYd) (width 0.05))
    (fp_text user %R (at 0 0) (layer F.Fab)
      (effects (font (size 0.5 0.5) (thickness 0.08)))
    )
    (pad 1 smd roundrect (at -1.025 0) (size 1.15 1.4) (layers Top F.Paste F.Mask) (roundrect_rratio 0.217391)
      (net 1 GND))
    (pad 2 smd roundrect (at 1.025 0) (size 1.15 1.4) (layers Top F.Paste F.Mask) (roundrect_rratio 0.217391)
      (net 7 "Net-(C2-Pad1)"))
    (model ${KISYS3DMOD}/Capacitor_SMD.3dshapes/C_0805_2012Metric.wrl
      (at (xyz 0 0 0))
      (scale (xyz 1 1 1))
      (rotate (xyz 0 0 0))
    )
  )

  (module Capacitor_SMD:C_0805_2012Metric_Pad1.15x1.40mm_HandSolder (layer Top) (tedit 5B36C52B) (tstamp 5F60B117)
    (at 119 117)
    (descr "Capacitor SMD 0805 (2012 Metric), square (rectangular) end terminal, IPC_7351 nominal with elongated pad for handsoldering. (Body size source: https://docs.google.com/spreadsheets/d/1BsfQQcO9C6DZCsRaXUlFlo91Tg2WpOkGARC1WS5S8t0/edit?usp=sharing), generated with kicad-footprint-generator")
    (tags "capacitor handsolder")
    (path /931E893A)
    (attr smd)
    (fp_text reference C5 (at 3 0) (layer F.SilkS)
      (effects (font (size 1 1) (thickness 0.15)))
    )
    (fp_text value 15n (at 0 1.65) (layer F.Fab)
      (effects (font (size 1 1) (thickness 0.15)))
    )
    (fp_text user %R (at 0 0) (layer F.Fab)
      (effects (font (size 0.5 0.5) (thickness 0.08)))
    )
    (fp_line (start 1.85 0.95) (end -1.85 0.95) (layer F.CrtYd) (width 0.05))
    (fp_line (start 1.85 -0.95) (end 1.85 0.95) (layer F.CrtYd) (width 0.05))
    (fp_line (start -1.85 -0.95) (end 1.85 -0.95) (layer F.CrtYd) (width 0.05))
    (fp_line (start -1.85 0.95) (end -1.85 -0.95) (layer F.CrtYd) (width 0.05))
    (fp_line (start -0.261252 0.71) (end 0.261252 0.71) (layer F.SilkS) (width 0.12))
    (fp_line (start -0.261252 -0.71) (end 0.261252 -0.71) (layer F.SilkS) (width 0.12))
    (fp_line (start 1 0.6) (end -1 0.6) (layer F.Fab) (width 0.1))
    (fp_line (start 1 -0.6) (end 1 0.6) (layer F.Fab) (width 0.1))
    (fp_line (start -1 -0.6) (end 1 -0.6) (layer F.Fab) (width 0.1))
    (fp_line (start -1 0.6) (end -1 -0.6) (layer F.Fab) (width 0.1))
    (pad 2 smd roundrect (at 1.025 0) (size 1.15 1.4) (layers Top F.Paste F.Mask) (roundrect_rratio 0.217391)
      (net 1 GND))
    (pad 1 smd roundrect (at -1.025 0) (size 1.15 1.4) (layers Top F.Paste F.Mask) (roundrect_rratio 0.217391)
      (net 2 "Net-(C5-Pad1)"))
    (model ${KISYS3DMOD}/Capacitor_SMD.3dshapes/C_0805_2012Metric.wrl
      (at (xyz 0 0 0))
      (scale (xyz 1 1 1))
      (rotate (xyz 0 0 0))
    )
  )

  (module Capacitor_SMD:C_0805_2012Metric_Pad1.15x1.40mm_HandSolder (layer Top) (tedit 5B36C52B) (tstamp 5F61FE5C)
    (at 135 117)
    (descr "Capacitor SMD 0805 (2012 Metric), square (rectangular) end terminal, IPC_7351 nominal with elongated pad for handsoldering. (Body size source: https://docs.google.com/spreadsheets/d/1BsfQQcO9C6DZCsRaXUlFlo91Tg2WpOkGARC1WS5S8t0/edit?usp=sharing), generated with kicad-footprint-generator")
    (tags "capacitor handsolder")
    (path /3CBFD1C8)
    (attr smd)
    (fp_text reference C6 (at 3 0) (layer F.SilkS)
      (effects (font (size 1 1) (thickness 0.15)))
    )
    (fp_text value 15n (at 0 1.65) (layer F.Fab)
      (effects (font (size 1 1) (thickness 0.15)))
    )
    (fp_line (start -1 0.6) (end -1 -0.6) (layer F.Fab) (width 0.1))
    (fp_line (start -1 -0.6) (end 1 -0.6) (layer F.Fab) (width 0.1))
    (fp_line (start 1 -0.6) (end 1 0.6) (layer F.Fab) (width 0.1))
    (fp_line (start 1 0.6) (end -1 0.6) (layer F.Fab) (width 0.1))
    (fp_line (start -0.261252 -0.71) (end 0.261252 -0.71) (layer F.SilkS) (width 0.12))
    (fp_line (start -0.261252 0.71) (end 0.261252 0.71) (layer F.SilkS) (width 0.12))
    (fp_line (start -1.85 0.95) (end -1.85 -0.95) (layer F.CrtYd) (width 0.05))
    (fp_line (start -1.85 -0.95) (end 1.85 -0.95) (layer F.CrtYd) (width 0.05))
    (fp_line (start 1.85 -0.95) (end 1.85 0.95) (layer F.CrtYd) (width 0.05))
    (fp_line (start 1.85 0.95) (end -1.85 0.95) (layer F.CrtYd) (width 0.05))
    (fp_text user %R (at 0 0) (layer F.Fab)
      (effects (font (size 0.5 0.5) (thickness 0.08)))
    )
    (pad 1 smd roundrect (at -1.025 0) (size 1.15 1.4) (layers Top F.Paste F.Mask) (roundrect_rratio 0.217391)
      (net 3 "Net-(C6-Pad1)"))
    (pad 2 smd roundrect (at 1.025 0) (size 1.15 1.4) (layers Top F.Paste F.Mask) (roundrect_rratio 0.217391)
      (net 1 GND))
    (model ${KISYS3DMOD}/Capacitor_SMD.3dshapes/C_0805_2012Metric.wrl
      (at (xyz 0 0 0))
      (scale (xyz 1 1 1))
      (rotate (xyz 0 0 0))
    )
  )

  (module Capacitor_Tantalum_SMD:CP_EIA-7132-28_AVX-C_Pad2.72x3.50mm_HandSolder (layer Top) (tedit 5D98AE44) (tstamp 5F60B43D)
    (at 119 105.5)
    (descr "Tantalum Capacitor SMD AVX-C (7132-28 Metric), IPC_7351 nominal, (Body size from: http://datasheets.avx.com/F72-F75.pdf), generated with kicad-footprint-generator")
    (tags "capacitor tantalum")
    (path /5F628895)
    (attr smd)
    (fp_text reference C1 (at 3 3.5) (layer F.SilkS)
      (effects (font (size 1 1) (thickness 0.15)))
    )
    (fp_text value 10uF (at 0 2.7) (layer F.Fab)
      (effects (font (size 1 1) (thickness 0.15)))
    )
    (fp_line (start 3.55 -1.6) (end -2.75 -1.6) (layer F.Fab) (width 0.1))
    (fp_line (start -2.75 -1.6) (end -3.55 -0.8) (layer F.Fab) (width 0.1))
    (fp_line (start -3.55 -0.8) (end -3.55 1.6) (layer F.Fab) (width 0.1))
    (fp_line (start -3.55 1.6) (end 3.55 1.6) (layer F.Fab) (width 0.1))
    (fp_line (start 3.55 1.6) (end 3.55 -1.6) (layer F.Fab) (width 0.1))
    (fp_line (start 3.55 -2.01) (end -4.485 -2.01) (layer F.SilkS) (width 0.12))
    (fp_line (start -4.485 -2.01) (end -4.485 2.01) (layer F.SilkS) (width 0.12))
    (fp_line (start -4.485 2.01) (end 3.55 2.01) (layer F.SilkS) (width 0.12))
    (fp_line (start -4.47 2) (end -4.47 -2) (layer F.CrtYd) (width 0.05))
    (fp_line (start -4.47 -2) (end 4.47 -2) (layer F.CrtYd) (width 0.05))
    (fp_line (start 4.47 -2) (end 4.47 2) (layer F.CrtYd) (width 0.05))
    (fp_line (start 4.47 2) (end -4.47 2) (layer F.CrtYd) (width 0.05))
    (fp_text user %R (at 0 0) (layer F.Fab)
      (effects (font (size 1 1) (thickness 0.15)))
    )
    (pad 1 smd roundrect (at -2.8625 0) (size 2.725 3.5) (layers Top F.Paste F.Mask) (roundrect_rratio 0.09174300000000001)
      (net 6 "Net-(C1-Pad1)"))
    (pad 2 smd roundrect (at 2.8625 0) (size 2.725 3.5) (layers Top F.Paste F.Mask) (roundrect_rratio 0.09174300000000001)
      (net 1 GND))
    (model ${KISYS3DMOD}/Capacitor_Tantalum_SMD.3dshapes/CP_EIA-7132-28_AVX-C.wrl
      (at (xyz 0 0 0))
      (scale (xyz 1 1 1))
      (rotate (xyz 0 0 0))
    )
    (model ${KISYS3DMOD}/Capacitor_Tantalum_SMD.3dshapes/CP_EIA-6032-28_Kemet-C.wrl
      (at (xyz 0 0 0))
      (scale (xyz 1 1 1))
      (rotate (xyz 0 0 0))
    )
  )

  (module Capacitor_Tantalum_SMD:CP_EIA-7132-28_AVX-C_Pad2.72x3.50mm_HandSolder (layer Top) (tedit 5D98AE44) (tstamp 5F60B3BC)
    (at 130 105.5 180)
    (descr "Tantalum Capacitor SMD AVX-C (7132-28 Metric), IPC_7351 nominal, (Body size from: http://datasheets.avx.com/F72-F75.pdf), generated with kicad-footprint-generator")
    (tags "capacitor tantalum")
    (path /5F628F69)
    (attr smd)
    (fp_text reference C2 (at 4 -3.5) (layer F.SilkS)
      (effects (font (size 1 1) (thickness 0.15)))
    )
    (fp_text value 10uF (at 0 2.7) (layer F.Fab)
      (effects (font (size 1 1) (thickness 0.15)))
    )
    (fp_text user %R (at 0 0) (layer F.Fab)
      (effects (font (size 1 1) (thickness 0.15)))
    )
    (fp_line (start 4.47 2) (end -4.47 2) (layer F.CrtYd) (width 0.05))
    (fp_line (start 4.47 -2) (end 4.47 2) (layer F.CrtYd) (width 0.05))
    (fp_line (start -4.47 -2) (end 4.47 -2) (layer F.CrtYd) (width 0.05))
    (fp_line (start -4.47 2) (end -4.47 -2) (layer F.CrtYd) (width 0.05))
    (fp_line (start -4.485 2.01) (end 3.55 2.01) (layer F.SilkS) (width 0.12))
    (fp_line (start -4.485 -2.01) (end -4.485 2.01) (layer F.SilkS) (width 0.12))
    (fp_line (start 3.55 -2.01) (end -4.485 -2.01) (layer F.SilkS) (width 0.12))
    (fp_line (start 3.55 1.6) (end 3.55 -1.6) (layer F.Fab) (width 0.1))
    (fp_line (start -3.55 1.6) (end 3.55 1.6) (layer F.Fab) (width 0.1))
    (fp_line (start -3.55 -0.8) (end -3.55 1.6) (layer F.Fab) (width 0.1))
    (fp_line (start -2.75 -1.6) (end -3.55 -0.8) (layer F.Fab) (width 0.1))
    (fp_line (start 3.55 -1.6) (end -2.75 -1.6) (layer F.Fab) (width 0.1))
    (pad 2 smd roundrect (at 2.8625 0 180) (size 2.725 3.5) (layers Top F.Paste F.Mask) (roundrect_rratio 0.09174300000000001)
      (net 1 GND))
    (pad 1 smd roundrect (at -2.8625 0 180) (size 2.725 3.5) (layers Top F.Paste F.Mask) (roundrect_rratio 0.09174300000000001)
      (net 7 "Net-(C2-Pad1)"))
    (model ${KISYS3DMOD}/Capacitor_Tantalum_SMD.3dshapes/CP_EIA-7132-28_AVX-C.wrl
      (at (xyz 0 0 0))
      (scale (xyz 1 1 1))
      (rotate (xyz 0 0 0))
    )
    (model ${KISYS3DMOD}/Capacitor_Tantalum_SMD.3dshapes/CP_EIA-6032-28_Kemet-C.wrl
      (at (xyz 0 0 0))
      (scale (xyz 1 1 1))
      (rotate (xyz 0 0 0))
    )
  )

  (module TerminalBlock_Phoenix:TerminalBlock_Phoenix_PT-1,5-2-5.0-H_1x02_P5.00mm_Horizontal (layer Top) (tedit 5B294F69) (tstamp 5F61F994)
    (at 134 135)
    (descr "Terminal Block Phoenix PT-1,5-2-5.0-H, 2 pins, pitch 5mm, size 10x9mm^2, drill diamater 1.3mm, pad diameter 2.6mm, see http://www.mouser.com/ds/2/324/ItemDetail_1935161-922578.pdf, script-generated using https://github.com/pointhi/kicad-footprint-generator/scripts/TerminalBlock_Phoenix")
    (tags "THT Terminal Block Phoenix PT-1,5-2-5.0-H pitch 5mm size 10x9mm^2 drill 1.3mm pad 2.6mm")
    (path /D0EFEB30)
    (fp_text reference X3 (at -4 4 90) (layer F.SilkS)
      (effects (font (size 1 1) (thickness 0.15)))
    )
    (fp_text value AK500_2 (at 2.5 6.06) (layer F.Fab)
      (effects (font (size 1 1) (thickness 0.15)))
    )
    (fp_circle (center 0 0) (end 2 0) (layer F.Fab) (width 0.1))
    (fp_circle (center 0 0) (end 2.18 0) (layer F.SilkS) (width 0.12))
    (fp_circle (center 5 0) (end 7 0) (layer F.Fab) (width 0.1))
    (fp_circle (center 5 0) (end 7.18 0) (layer F.SilkS) (width 0.12))
    (fp_line (start -2.5 -4) (end 7.5 -4) (layer F.Fab) (width 0.1))
    (fp_line (start 7.5 -4) (end 7.5 5) (layer F.Fab) (width 0.1))
    (fp_line (start 7.5 5) (end -2.1 5) (layer F.Fab) (width 0.1))
    (fp_line (start -2.1 5) (end -2.5 4.6) (layer F.Fab) (width 0.1))
    (fp_line (start -2.5 4.6) (end -2.5 -4) (layer F.Fab) (width 0.1))
    (fp_line (start -2.5 4.6) (end 7.5 4.6) (layer F.Fab) (width 0.1))
    (fp_line (start -2.56 4.6) (end 7.56 4.6) (layer F.SilkS) (width 0.12))
    (fp_line (start -2.5 3.5) (end 7.5 3.5) (layer F.Fab) (width 0.1))
    (fp_line (start -2.56 3.5) (end 7.56 3.5) (layer F.SilkS) (width 0.12))
    (fp_line (start -2.56 -4.06) (end 7.56 -4.06) (layer F.SilkS) (width 0.12))
    (fp_line (start -2.56 5.06) (end 7.56 5.06) (layer F.SilkS) (width 0.12))
    (fp_line (start -2.56 -4.06) (end -2.56 5.06) (layer F.SilkS) (width 0.12))
    (fp_line (start 7.56 -4.06) (end 7.56 5.06) (layer F.SilkS) (width 0.12))
    (fp_line (start 1.517 -1.273) (end -1.273 1.517) (layer F.Fab) (width 0.1))
    (fp_line (start 1.273 -1.517) (end -1.517 1.273) (layer F.Fab) (width 0.1))
    (fp_line (start 1.654 -1.388) (end 1.547 -1.281) (layer F.SilkS) (width 0.12))
    (fp_line (start -1.282 1.547) (end -1.388 1.654) (layer F.SilkS) (width 0.12))
    (fp_line (start 1.388 -1.654) (end 1.281 -1.547) (layer F.SilkS) (width 0.12))
    (fp_line (start -1.548 1.281) (end -1.654 1.388) (layer F.SilkS) (width 0.12))
    (fp_line (start 6.517 -1.273) (end 3.728 1.517) (layer F.Fab) (width 0.1))
    (fp_line (start 6.273 -1.517) (end 3.484 1.273) (layer F.Fab) (width 0.1))
    (fp_line (start 6.654 -1.388) (end 6.259 -0.992) (layer F.SilkS) (width 0.12))
    (fp_line (start 3.993 1.274) (end 3.613 1.654) (layer F.SilkS) (width 0.12))
    (fp_line (start 6.388 -1.654) (end 6.008 -1.274) (layer F.SilkS) (width 0.12))
    (fp_line (start 3.742 0.992) (end 3.347 1.388) (layer F.SilkS) (width 0.12))
    (fp_line (start -2.8 4.66) (end -2.8 5.3) (layer F.SilkS) (width 0.12))
    (fp_line (start -2.8 5.3) (end -2.4 5.3) (layer F.SilkS) (width 0.12))
    (fp_line (start -3 -4.5) (end -3 5.5) (layer F.CrtYd) (width 0.05))
    (fp_line (start -3 5.5) (end 8 5.5) (layer F.CrtYd) (width 0.05))
    (fp_line (start 8 5.5) (end 8 -4.5) (layer F.CrtYd) (width 0.05))
    (fp_line (start 8 -4.5) (end -3 -4.5) (layer F.CrtYd) (width 0.05))
    (fp_text user %R (at 2.5 2.9) (layer F.Fab)
      (effects (font (size 1 1) (thickness 0.15)))
    )
    (pad 1 thru_hole rect (at 0 0) (size 2.6 2.6) (drill 1.3) (layers *.Cu *.Mask)
      (net 1 GND))
    (pad 2 thru_hole circle (at 5 0) (size 2.6 2.6) (drill 1.3) (layers *.Cu *.Mask)
      (net 3 "Net-(C6-Pad1)"))
    (model ${KIPRJMOD}/Lib/pxc_1984617_02_PT-1-5-2-3-5-H_3D.stp
      (offset (xyz -2.5 -5.5 0))
      (scale (xyz 1.4 1.4 1.4))
      (rotate (xyz 0 0 0))
    )
  )

  (module TerminalBlock_Phoenix:TerminalBlock_Phoenix_PT-1,5-2-5.0-H_1x02_P5.00mm_Horizontal (layer Top) (tedit 5B294F69) (tstamp 5F61F9BD)
    (at 119 135)
    (descr "Terminal Block Phoenix PT-1,5-2-5.0-H, 2 pins, pitch 5mm, size 10x9mm^2, drill diamater 1.3mm, pad diameter 2.6mm, see http://www.mouser.com/ds/2/324/ItemDetail_1935161-922578.pdf, script-generated using https://github.com/pointhi/kicad-footprint-generator/scripts/TerminalBlock_Phoenix")
    (tags "THT Terminal Block Phoenix PT-1,5-2-5.0-H pitch 5mm size 10x9mm^2 drill 1.3mm pad 2.6mm")
    (path /38D8100C)
    (fp_text reference X4 (at -4 4 90) (layer F.SilkS)
      (effects (font (size 1 1) (thickness 0.15)))
    )
    (fp_text value AK500_2 (at 2.5 6.06) (layer F.Fab)
      (effects (font (size 1 1) (thickness 0.15)))
    )
    (fp_text user %R (at 2.5 2.9) (layer F.Fab)
      (effects (font (size 1 1) (thickness 0.15)))
    )
    (fp_line (start 8 -4.5) (end -3 -4.5) (layer F.CrtYd) (width 0.05))
    (fp_line (start 8 5.5) (end 8 -4.5) (layer F.CrtYd) (width 0.05))
    (fp_line (start -3 5.5) (end 8 5.5) (layer F.CrtYd) (width 0.05))
    (fp_line (start -3 -4.5) (end -3 5.5) (layer F.CrtYd) (width 0.05))
    (fp_line (start -2.8 5.3) (end -2.4 5.3) (layer F.SilkS) (width 0.12))
    (fp_line (start -2.8 4.66) (end -2.8 5.3) (layer F.SilkS) (width 0.12))
    (fp_line (start 3.742 0.992) (end 3.347 1.388) (layer F.SilkS) (width 0.12))
    (fp_line (start 6.388 -1.654) (end 6.008 -1.274) (layer F.SilkS) (width 0.12))
    (fp_line (start 3.993 1.274) (end 3.613 1.654) (layer F.SilkS) (width 0.12))
    (fp_line (start 6.654 -1.388) (end 6.259 -0.992) (layer F.SilkS) (width 0.12))
    (fp_line (start 6.273 -1.517) (end 3.484 1.273) (layer F.Fab) (width 0.1))
    (fp_line (start 6.517 -1.273) (end 3.728 1.517) (layer F.Fab) (width 0.1))
    (fp_line (start -1.548 1.281) (end -1.654 1.388) (layer F.SilkS) (width 0.12))
    (fp_line (start 1.388 -1.654) (end 1.281 -1.547) (layer F.SilkS) (width 0.12))
    (fp_line (start -1.282 1.547) (end -1.388 1.654) (layer F.SilkS) (width 0.12))
    (fp_line (start 1.654 -1.388) (end 1.547 -1.281) (layer F.SilkS) (width 0.12))
    (fp_line (start 1.273 -1.517) (end -1.517 1.273) (layer F.Fab) (width 0.1))
    (fp_line (start 1.517 -1.273) (end -1.273 1.517) (layer F.Fab) (width 0.1))
    (fp_line (start 7.56 -4.06) (end 7.56 5.06) (layer F.SilkS) (width 0.12))
    (fp_line (start -2.56 -4.06) (end -2.56 5.06) (layer F.SilkS) (width 0.12))
    (fp_line (start -2.56 5.06) (end 7.56 5.06) (layer F.SilkS) (width 0.12))
    (fp_line (start -2.56 -4.06) (end 7.56 -4.06) (layer F.SilkS) (width 0.12))
    (fp_line (start -2.56 3.5) (end 7.56 3.5) (layer F.SilkS) (width 0.12))
    (fp_line (start -2.5 3.5) (end 7.5 3.5) (layer F.Fab) (width 0.1))
    (fp_line (start -2.56 4.6) (end 7.56 4.6) (layer F.SilkS) (width 0.12))
    (fp_line (start -2.5 4.6) (end 7.5 4.6) (layer F.Fab) (width 0.1))
    (fp_line (start -2.5 4.6) (end -2.5 -4) (layer F.Fab) (width 0.1))
    (fp_line (start -2.1 5) (end -2.5 4.6) (layer F.Fab) (width 0.1))
    (fp_line (start 7.5 5) (end -2.1 5) (layer F.Fab) (width 0.1))
    (fp_line (start 7.5 -4) (end 7.5 5) (layer F.Fab) (width 0.1))
    (fp_line (start -2.5 -4) (end 7.5 -4) (layer F.Fab) (width 0.1))
    (fp_circle (center 5 0) (end 7.18 0) (layer F.SilkS) (width 0.12))
    (fp_circle (center 5 0) (end 7 0) (layer F.Fab) (width 0.1))
    (fp_circle (center 0 0) (end 2.18 0) (layer F.SilkS) (width 0.12))
    (fp_circle (center 0 0) (end 2 0) (layer F.Fab) (width 0.1))
    (pad 2 thru_hole circle (at 5 0) (size 2.6 2.6) (drill 1.3) (layers *.Cu *.Mask)
      (net 2 "Net-(C5-Pad1)"))
    (pad 1 thru_hole rect (at 0 0) (size 2.6 2.6) (drill 1.3) (layers *.Cu *.Mask)
      (net 1 GND))
    (model ${KIPRJMOD}/Lib/pxc_1984617_02_PT-1-5-2-3-5-H_3D.stp
      (offset (xyz -2.5 -5.5 0.5))
      (scale (xyz 1.4 1.4 1.4))
      (rotate (xyz 0 0 0))
    )
  )

  (gr_line (start 166 140.5) (end 91 140.5) (layer Edge.Cuts) (width 0.05) (tstamp 5F5689DC))
  (gr_line (start 166 99.5) (end 166 140.5) (layer Edge.Cuts) (width 0.05))
  (gr_line (start 91 99.5) (end 166 99.5) (layer Edge.Cuts) (width 0.05))
  (gr_line (start 91 140.5) (end 91 99.5) (layer Edge.Cuts) (width 0.05))
  (gr_text PA_BOARD_1.1 (at 102.4311 110.0236 90) (layer F.Fab) (tstamp 201DC110)
    (effects (font (size 1.6891 1.6891) (thickness 0.14224)) (justify right top))
  )

  (via (at 111.3 133.928571) (size 0.8) (drill 0.4) (layers Top Bottom) (net 1) (tstamp 37))
  (via (at 111.3 131.857142) (size 0.8) (drill 0.4) (layers Top Bottom) (net 1) (tstamp 37))
  (via (at 111.3 129.785714) (size 0.8) (drill 0.4) (layers Top Bottom) (net 1) (tstamp 37))
  (via (at 111.3 127.714285) (size 0.8) (drill 0.4) (layers Top Bottom) (net 1) (tstamp 37))
  (via (at 111.3 125.642857) (size 0.8) (drill 0.4) (layers Top Bottom) (net 1) (tstamp 37))
  (via (at 111.3 123.571428) (size 0.8) (drill 0.4) (layers Top Bottom) (net 1) (tstamp 37))
  (via (at 111.3 121.5) (size 0.8) (drill 0.4) (layers Top Bottom) (net 1) (tstamp 37))
  (via (at 111.3 119.428571) (size 0.8) (drill 0.4) (layers Top Bottom) (net 1) (tstamp 37))
  (via (at 111.3 117.357142) (size 0.8) (drill 0.4) (layers Top Bottom) (net 1) (tstamp 37))
  (via (at 111.3 115.285714) (size 0.8) (drill 0.4) (layers Top Bottom) (net 1) (tstamp 37))
  (via (at 111.3 113.214285) (size 0.8) (drill 0.4) (layers Top Bottom) (net 1) (tstamp 37))
